134
137
28
166
44
86
137
243
150
172
113
28
191
60
14
177
41
177
173
237
212
119
68
180
33
31
113
124
68
136
180
53
23
59
70
168
144
207
12
43
230
124
172
170
35
38
199
75
66
121
164
27
92
231
207
124
113
171
247
32
56
176
85
78
87
6
97
230
64
108
125
146
83
46
65
118
185
115
44
1
88
59
27
179
39
85
154
152
5
150
183
61
177
119
240
13
227
87
95
40
46
71
185
129
218
102
98
153
68
243
153
7
52
31
37
192
116
190
195
120
191
230
32
118
98
22
232
176
210
178
68
107
248
104
87
216
57
184
220
125
29
122
233
80
4
20
21
119
209
216
91
150
47
224
119
246
97
202
172
56
130
239
15
229
92
101
194
1
35
15
125
165
238
107
244
242
228
116
110
187
183
52
188
229
26
158
225
122
109
146
30
238
236
44
69
179
144
12
179
30
27
155
194
14
114
39
107
91
155
69
129
189
120
168
168
247
75
244
221
184
241
250
23
226
145
91
6
140
205
37
170
83
43
215
198
8
106
55
99
112
123
79
50
94
247
69
91
173
62
61
106
52
162
231
129
56
71
237
195
127
23
216
209
167
33
9
175
138
63
125
101
37
203
150
130
51
219
72
224
132
132
181
184
145
161
164
200
232
150
247
210
24
64
169
191
96
177
217
85
91
91
185
127
43
187
108
196
7
180
169
138
163
99
173
160
10
87
211
93
88
207
52
214
123
72
6
70
100
222
155
190
62
191
168
206
229
128
151
235
159
171
225
173
20
147
82
131
85
43
223
173
101
126
136
223
50
141
43
149
214
49
191
25
91
210
82
70
87
233
156
245
5
130
20
24
27
101
6
111
143
80
135
244
206
122
68
5
114
212
5
77
10
195
203
203
7
35
22
93
119
29
190
123
159
209
249
37
59
4
249
54
84
134
149
141
5
68
247
119
30
1
47
39
48
250
241
54
34
114
248
4
143
187
126
153
247
226
189
158
230
187
211
165
172
211
55
29
28
51
249
57
153
45
198
200
44
40
3
179
154
1
182
148
39
160
152
36
135
90
193
216
128
5
130
50
215
36
180
94
86
178
151
239
222
200
40
118
239
43
46
244
145
80
141
183
91
42
70
77
233
12
43
111
118
24
12
82
60
191
176
247
118
178
235
191
127
25
58
115
169
206
109
63
137
101
97
227
245
167
53
79
30
197
41
148
221
52
81
132
94
108
128
63
137
215
106
13
91
163
230
111
220
190
25
106
142
121
184
238
139
89
67
21
35
107
168
107
11
100
238
206
60
218
19
196
34
124
209
124
138
40
234
108
229
8
65
222
230
101
210
119
189
26
139
75
234
158
182
244
109
21
200
168
90
70
114
123
45
174
98
182
213
183
141
43
42
58
116
22
158
75
242
198
202
232
22
38
241
55
31
99
76
82
17
17
3
232
140
47
155
89
81
219
22
221
113
63
130
228
186
37
155
177
234
208
10
108
245
250
162
128
201
237
61
69
106
64
50
245
212
56
185
42
126
206
115
90
19
244
169
56
133
73
233
218
31
94
75
127
94
237
4
44
75
65
214
180
128
13
26
89
170
211
233
45
18
97
236
138
192
154
194
74
79
176
42
211
19
218
87
214
56
91
109
131
155
72
162
134
186
40
74
105
102
56
1
119
4
236
7
196
140
200
121
218
227
14
178
97
232
116
61
37
206
21
19
212
93
33
197
130
72
21
235
173
178
235
41
34
73
149
81
64
98
201
31
74
215
60
23
48
175
83
186
233
205
205
194
149
237
141
29
160
13
13
184
42
99
224
75
23
123
155
86
72
208
116
248
172
27
20
219
202
204
154
184
158
210
229
57
48
221
85
59
85
199
242
127
149
216
53
172
190
60
7
11
17
225
110
40
1
129
110
54
82
115
89
240
177
68
148
224
38
232
33
123
32
126
101
180
91
5
101
132
64
108
245
182
82
104
221
184
233
182
238
166
47
76
155
223
143
52
48
33
135
182
7
166
58
209
96
250
213
48
234
27
155
228
60
88
183
133
22
17
64
111
183
212
186
87
36
181
241
84
65
227
117
71
143
26
29
90
26
241
137
111
119
144
88
179
83
122
61
206
139
226
66
71
188
104
9
223
34
101
158
98
78
127
20
72
152
150
161
29
140
149
139
111
144
78
141
227
200
53
182
88
28
100
158
67
203
18
142
236
119
49
185
196
27
56
17
179
205
29
59
94
29
198
56
173
25
196
1
76
248
34
163
128
133
172
0
